105
1868315869
8392686450
0210677317
6580061528
2321614474
4304583563
9738697423
7203987372
0803968453
7690597001
3802464959
1064559762
9273262442
6555424138
9077939973
5426747683
0864772443
0973578344
5766657682
1151063864
4740357588
1956725691
4116088137
0037490614
5939334244
0005357841
4660464613
8221250117
6165208755
3215764745
1873090362
5505713034
9649739993
4393495030
7553535682
7473593028
8939438881
0721435045
6228584675
8912587594
3142646527
2824566879
6531893058
5111373356
0010715113
5046915764
7998903633
3870019373
6361953391
8643915095
7417244009
6866564739
0324676697
1762433118
0216927202
0246923752
1567405343
6315405118
5840546135
7979448711
3495108187
6046637886
8753536862
4123784100
4280576229
0219815897
4328090138
3228646925
5798295665
8162580535
7242110627
0788936249
1410090671
7532757381
4748652357
5597228300
5821825157
7966750496
2813454757
3359679817
1339021126
3229073891
3547302228
9847976164
0630075849
2425348287
5570879967
2425750372
6968641286
3796879146
0015611595
3134045150
2225540855
3022656864
3208358885
8325405427
2004379539
6088197572
9836502088
3259041379
1568183646
6892313933
6069911089
1985792104
6824597648