95
44523221
65134532
40615662
92942342
36878173
99164039
89980997
12438772
64130376
49523625
58808711
48824589
30231718
62578852
85832838
61052505
68849306
27209037
34615088
99216515
95610416
22046424
72178602
75780610
55266328
92490538
47938346
56604963
34938722
60906401
11404205
28390069
89247497
87065716
36922122
36082605
71032198
80167706
44932754
58667726
69997230
80243921
55308524
22871915
19607604
51443811
84648748
78703095
53650891
31579972
43509834
35365074
93565577
55421037
68271122
86068038
88509328
36181328
13508459
98259694
76910223
51703994
12505732
12963918
59667729
76656474
87257184
61527150
47176148
90125822
27737478
81997767
17852639
74000581
99498323
88638013
25684071
67476029
27156312
62379367
37200831
68398561
10296640
16495834
65292947
54370691
64795478
27896452
18901947
50754640
57925339
45881176
32577386
68656556
24132708