95
5173483600
4665492648
6940833332
1680885215
2278955568
4709381855
2549840643
9631517260
5778806647
3470156998
6890404611
7296676189
0553080866
5365601856
2024784252
2984097447
2231804225
1965118089
9351301277
8512006386
3960115809
4455267203
4375014080
7733868070
8988416797
3418083311
5144358527
3899308418
4214548591
1918045855
4075348384
4014582151
2272585220
9857119496
8425025916
1568520458
6684561053
1528862406
0401841113
1855289373
2666263421
6208048267
8660768726
1657032707
5481140277
8449750458
8872261302
5320617362
2934403891
7989627335
1644080506
6782341053
8232898289
1391093843
6391584015
5391483430
7464062025
8303368282
9907709677
7373512347
4409582932
2613764252
7168214081
9384632040
9528823158
8309305182
1125483244
1184110489
8439532341
7967160412
0300174920
0943936819
8175602600
8553304928
2485049627
2438532070
8531201937
2777821462
2607982829
6311191624
4553866916
0734822709
3685718338
8164963883
4820888091
7134418870
4786934162
3011801168
4041915133
2527677874
6540305116
9163988566
6679523949
2986649333
4669324913
