113
1220884556
6222901391
9764627608
0109435896
0854909134
0477886997
1743072596
3641281477
2125999667
2320862827
0888824497
4545233565
8584220083
7536825907
4652152892
0015912819
0979177598
5817365622
7339456136
3723484172
9675391912
8035174021
9634981749
8213039358
4090871485
7565528140
5935263198
6513560855
8709978780
6268937648
2102522162
1043823423
6774272076
7166059617
9191180947
6400865010
8429238944
7049041360
9936384738
7331083035
0576546127
3008417023
3441720738
1541503128
6643872674
5219186286
0459308177
2948214982
3311307657
7473126875
2271189664
1413883404
6148393728
9250368164
7251618708
6179849116
8836077076
5978005653
8054419364
8241088250
1134885140
8833898721
7237610583
1325015583
2020878061
2466048915
9165209745
7714177942
1779120751
8528770111
3451500381
4860000382
0779808726
0274595065
7560607028
0571882833
4870761467
8688017421
2054136430
6430980425
5286949105
5622631741
0585544338
4978434852
1859643904
4765594066
6534147313
7979910525
7556531582
1778155572
2064360213
8781161113
2495025066
2743201855
0950282032
5472444674
1016819203
3827780516
2338014983
7282839462
1235721342
2246205906
2101714117
9070456324
2386977569
4530420933
6507374320
4846017204
5984497197
5508683981
5755111462
5795608351
1467564558