100
 3680302
 1500738
 7740375
 2697885
 3696511
 3403605
 5571827
 4687468
 7536165
 7792146
 2542028
 3319225
 3191880
 1911464
 1850885
 4535481
 9954467
 8866756
 6478263
 5346282
 6063889
 1802844
 7555391
 8760893
 2030654
 9452256
 8291062
 3929642
 9794774
 3275924
 3307618
 1350269
 3265613
 8121002
 5785769
 8717198
 8492351
 4443115
 9449351
 5370300
 7837277
 6979730
 6964621
 7542490
 8068448
 2483427
 1640136
 1471681
 8480950
 1969468
 9876911
 2812304
 9871351
 3960254
 8126003
 4531717
 1048795
 6821067
 7492252
 6183031
 2207336
 1939569
 9548196
 4513760
 9645881
 8643449
 4930732
 7418269
 1901047
 6695833
 2816844
 4945015
 8090260
 1760862
 2726175
 8795138
 8226734
 7970442
 5298830
 5334255
 7990930
 5059848
 3488196
 9908006
 6471384
 8086122
 5637659
 7364628
 5786038
 6519307
 6124684
 5382282
 6293876
 8197157
 4004929
 4973674
 4503153
 4731705
 7191026
 4321797