95
6886023757
8286023757
9036023757
7686023757
8276023757
5176023757
9026023757
8776023757
5266023757
7346023757
7806023757
8976023757
5516023757
6066023757
6596023757
7046023757
8476023757
7856023757
8186023757
5146023757
8286023757
6536023757
9666023757
9126023757
8726023757
6076023757
6816023757
7326023757
8276023757
5496023757
7056023757
8496023757
8876023757
6756023757
9136023757
6066023757
5596023757
9656023757
6216023757
9266023757
7846023757
5306023757
8546023757
7806023757
6946023757
7696023757
8756023757
6766023757
8956023757
9536023757
7666023757
5846023757
5146023757
7896023757
9706023757
5076023757
7486023757
6616023757
8296023757
9146023757
5466023757
5966023757
9486023757
7426023757
9016023757
7426023757
7566023757
9466023757
7386023757
6206023757
9736023757
7946023757
9266023757
6456023757
6116023757
5126023757
5996023757
9276023757
8836023757
8106023757
9486023757
7766023757
8746023757
8536023757
5216023757
7656023757
6276023757
8526023757
9396023757
7436023757
7636023757
5386023757
6786023757
5046023757
8866023757