45
3226566635
4603854404
8984260055
7986486919
7425794645
4798027255
6992778860
9473630723
9469655141
5704972974
4886085330
8458643618
5711561961
7552668557
8181446528
4609218121
9242480146
5824766209
6549769002
8312872803
4736235482
8263883008
3416759434
1228826241
6993232213
8132319970
8132510587
8131587194
8131216171
8132261332
8131437361
8131959344
8132540171
8131415886
8130468716
8132004373
8130905919
8132517515
8131713200
8132155875
8132973063
8132348858
8130074163
8131240325
8130826237