45
6948346450
9251097797
9944305974
9335224544
5815875356
8436785534
3145732654
3810175037
7521419273
3767538252
5297448945
6123801047
1866575935
5866695484
4102845417
3452551016
3489055965
8785083626
7490323925
4015102379
4015557317
5154356007
3668488693
7737766723
9067795604
7405103708
7405710775
7405485545
7406485302
7405314414
7405605777
7405971884
7403980194
7404692865
7404935425
7406616594
7405799470
7405264565
7404771387
7405239546
7404391301
7406053290
7406357298
7405169979
7406999621