45
0132374174
5299096865
2998505208
0038006512
7589362556
0139088656
1386058545
8719059818
1118879495
8222396723
2241864165
3881039116
6726395078
6569834877
2545075230
5508926788
9103205457
2003054925
2439497891
4512969241
1734996884
7045619512
9584184900
6140006868
6773439838
5623086982
5622138820
5622461380
5621975663
5622543587
5623226447
5622462600
5623457622
5622716725
5622067422
5621735033
5622451937
5622949601
5622019796
5623418454
5622624330
5621947955
5623280953
5622911854
5623462159