45
3189959024
5991083967
2720649217
2203096167
3365728260
4866702672
7332976454
2582971804
3478411618
4112202279
9919502390
8144129497
5136947489
9905111771
9796459016
6552793255
8598477823
1980293536
8028144863
6780920583
4310995272
8989300578
1541870637
5124019945
2680963712
6866009535
6866873833
6866039124
6866232729
6866472299
6867729686
6867053570
6866048174
6866473678
6867056860
6866348733
6867272331
6866317991
6866906957
6867373037
6867234538
6866380292
6866062457
6867454747
6866371249