45
0135388808
5299313906
2998797397
0040009473
7588280400
0140907241
1386119838
8718877911
1116953299
8221642731
2240829378
3880316101
6725762156
6569380111
2544615628
5509946830
9103526889
2002920350
2438005550
4512354825
3246613522
3246811222
3247125174
3246911022
3247114920
3247231881
3246990496
3247154632
3246405925
3246376642
3247182096
3246087823
3246272784
3246064181
3246666986
3247664472
3247648638
3247446442
3246691962
3247814159
3247471351
3246508122
3247260635
3247496479
3246937234