77
441550938
769391654
608238422
955705291
701141579
651156594
633807283
543388411
239823449
978624392
535100894
291131011
050109575
688623279
832473207
463981307
259003823
824498315
883475361
037723732
895665735
490850060
861451014
944193256
643213593
713358384
796793506
792361818
374159827
755887334
875858967
726298002
396816764
322175927
870434268
198240837
348757579
774502271
141433162
994769207
619469383
617081259
335266544
466109124
258128253
633419574
170578925
869705300
916840995
914960455
910522963
950136701
039196411
113562659
715496496
111275072
975806854
629963379
221251103
565446145
447663202
233549232
228436169
009529441
903133954
922358427
031926694
499850372
171844974
533040156
635886818
002889265
648303631
817336190
034080389
573161622
844327659

